
99586,113119
99659,113187
99636,113187
99677,113198
99630,113175
99629,113213
99685,113237
99635,113190
99629,113193
99631,113237
99679,113259
99617,113151
99644,113232
99631,113117
99661,113152
99586,113007
99541,112907
99499,112714
99416,112651
99359,112485
99246,112431
99316,112345
99267,112241
99180,112120
99151,112052
99271,112124
99153,112003
99182,112064
99113,112046
99202,112057
99231,112037
99167,112003
99155,111994
99220,112048
99158,112044
99179,112091
99178,112054
99195,112103
99201,112095
99193,112045
99158,112100
99245,112137
99276,112151
99258,112141
99215,112082
99240,112111
99260,112142
99198,112066
99215,112159
99317,112169
99273,112168
99199,112148
99223,112174
99299,112230
99303,112242
99230,112224
99239,112237
99340,112358
99277,112286
99303,112331
99217,112277
99310,112379
99308,112388
99290,112312
99276,112367
99329,112394
99387,112445
99305,112382
99284,112405
99373,112414
99379,112493
99333,112430
99265,112455
99383,112457
99361,112471
99286,112429
99353,112473
99405,112483
99347,112511
99334,112491
99340,112480
99369,112484
99397,112536
99316,112456
99355,112519
99394,112538
99412,112563
99407,112556
99402,112612
99426,112664
99381,112603
99373,112615
99426,112672
99410,112641
99466,112657
99373,112617
99400,112709
99479,112744
99452,112686
99385,112657
99433,112698
99495,112791
99483,112774
99429,112690
99412,112741
99548,112796
99508,112837
99420,112765
99487,112850
99536,112875
99509,112844
99481,112839
99545,112895
99520,112920
99527,112910
99508,112824
99520,112883
99590,112906
99491,112892
99531,112913
99525,112958
99518,112902
99571,113010
99545,112921
99553,113029
99509,113008
99524,112969
99512,112942
99594,113017
99580,113071
99523,112990
99513,112942
99580,113047
99569,113034
99575,113055
99512,112989
99593,113113
99642,113081
99586,113087
99543,113078
99609,113097
99598,113070
99551,113088
99589,113074
99668,113142
99634,113188
99609,113189
99532,113067
99615,113217
99624,113229
99629,113225
99558,113197
99680,113254
99676,113224
99626,113252
99652,113275
99674,113297
99651,113276
99640,113230
99606,113244
99640,113249
99649,113247
99632,113215
99559,113127
99594,113062
99526,112952
99520,112870
99402,112628
99391,112607
99327,112478
99271,112337
99282,112317
99288,112303
99258,112238
99242,112143
99133,112070
99215,112081
99235,112148
99199,112065
99157,112117
99204,112168
99250,112206
99260,112180
99186,112157
99276,112209
99227,112198
99274,112206
99211,112212
99240,112228
99254,112209
99219,112180
99241,112173
99220,112222
99252,112220
99242,112214
99249,112216
99334,112316
99315,112314
99260,112246
99211,112282
99331,112320
99260,112320
99319,112309
99280,112352
99350,112432
99353,112428
99333,112442
99301,112394
99340,112446
99333,112420
99341,112521
99279,112428
99369,112508
99345,112502
99351,112472
99327,112472
99369,112584
99416,112578
99361,112501
99299,112545
99378,112603
99460,112592
99363,112504
99398,112592
99390,112638
99404,112634
99394,112580
99327,112568
99411,112648
99370,112612
99367,112573
99320,112575
99422,112685
99451,112676
99395,112665
99410,112587
99438,112711
99404,112641
99392,112701
99444,112744
99481,112786
99459,112741
99452,112704
99408,112706
99426,112783
99524,112857
99466,112839
99455,112816
99497,112893
99519,112823
99416,112793
99413,112810
99527,112912
99524,112939
99510,112849
99474,112886
99514,112934
99526,112924
99509,112912
99527,112938
99547,112964
99574,113002
99553,112950
99532,113002
99567,113047
99560,113001
99554,113039
99539,113047
99628,113067
99540,113038
99559,112992
99591,113083
99591,113044
99561,113047
99560,113020
99593,113073
99669,113110
99610,113110
99561,113096
99572,113120
99602,113153
99525,113090
99583,113109
99664,113205
99614,113177
99647,113139
99615,113142
99601,113161
99571,113187
99679,113191
99592,113194
99606,113228
99659,113293
99674,113272
99664,113209
99600,113203
99644,113258
99660,113316
99586,113203
99620,113276
99672,113321
99648,113295
99639,113190
99664,113244
99587,113141
99565,113072
99519,112978
99542,112948
99437,112743
99399,112698
99340,112524
99351,112501
99315,112457
99316,112346
99213,112255
99227,112210
99203,112181
99207,112160
99117,112077
99250,112160
99220,112173
99254,112203
99198,112150
99163,112202
99269,112229
99230,112222
99151,112131
99248,112235
99254,112246
99204,112250
99205,112271
99228,112297
99255,112303
99250,112259
99204,112275
99293,112310
99280,112340
99309,112307
99263,112325
99303,112426
99347,112411
99350,112431
99260,112418
99402,112489
99322,112456
99352,112488
99328,112477
99420,112635
99352,112567
99385,112557
99337,112535
99431,112645
99407,112632
99404,112612
99328,112582
99431,112662
99371,112610
99383,112576
99303,112542
99429,112651
99372,112568
99392,112609
99369,112599
99406,112627
99413,112587
99350,112604
99381,112560
99426,112684
99431,112652
99383,112589
99326,112533
99461,112673
99427,112700
99420,112673
99360,112611
99413,112686
99432,112685
99424,112645
99386,112645
99422,112711
99481,112748
99418,112695
99377,112711
99507,112842
99448,112797
99485,112801
99516,112841
99474,112842
99486,112805
99455,112821
99447,112816
99517,112857
99557,112919
99516,112912
99515,112920
99570,112972
99599,113003
99536,112971
99496,112970
99579,113016
99526,112997
99500,112948
99495,112949
99536,113025
99616,113082
99592,113041
99487,112993
99596,113050
99592,113026
99550,113018
99552,113047
99600,113075
99606,113060
99564,113123
99555,113101
99643,113150
99614,113164
99577,113136
99562,113119
99650,113177
99608,113143
99596,113110
99570,113107
99634,113170
99606,113167
99634,113221
99618,113232
99632,113239
99651,113262
99670,113219
99611,113219
99596,113190
99587,113139
99555,113024
99479,112878
99474,112845
99384,112681
99299,112541
99278,112490
99372,112499
99297,112398
99215,112296
99219,112273
99239,112264
99241,112244
99180,112187
99163,112178
99186,112171
99166,112211
99235,112213
99178,112233
99228,112293
99218,112247
99255,112280
99274,112395
99303,112389
99313,112400
99269,112328
99245,112339
99309,112354
99306,112435
99272,112403
99288,112360
99339,112425
99346,112478
99285,112388
99346,112512
99410,112520
99350,112462
99348,112532
99398,112550
99420,112574
99372,112597
99338,112537
99367,112602
99426,112677
99422,112614
99349,112576
99382,112655
99449,112696
99452,112721
99433,112653
99440,112766
99448,112731
99443,112751
99366,112646
99438,112746
99435,112665
99404,112719
99421,112740
99478,112761
99488,112729
99480,112740
99429,112727
99446,112738
99471,112746
99414,112713
99421,112703
99506,112806
99490,112810
99424,112711
99394,112682
99493,112793
99470,112816
99472,112753
99466,112780
99508,112876
99473,112846
99526,112911
99483,112846
99524,112894
99488,112891
99531,112918
99471,112854
99504,112889
99515,112984
99553,112931
99507,112946
99569,112990
99512,113003
99563,112956
99534,112964
99625,113071
99551,113033
99531,112993
99530,113008
99599,113098
99570,113089
99566,113073
99498,113045
99526,113070
99569,113071
99561,113060
99510,113036
99613,113141
99588,113079
99550,113122
99495,113049
99625,113133
99644,113191
99622,113169
99573,113147
99622,113136
99656,113202
99600,113180
99578,113182
99615,113285
99646,113185
99614,113155
99589,113228
99620,113221
99634,113253
99641,113254
99538,113143
99650,113210
99594,113119
99505,112968
99448,112869
99440,112827
99409,112690
99330,112517
99299,112412
99318,112354
99289,112317
99218,112220
99141,112137
99222,112150
99177,112068
99170,112070
99089,112001
99146,112049
99215,112052
99138,112036
99106,112071
99186,112102
99217,112153
99224,112191
99175,112168
99247,112201
99245,112230
99225,112254
99194,112240
99296,112271
99246,112256
99215,112250
99169,112200
99268,112271
99290,112324
99300,112332
99244,112248
99314,112364
99341,112432
99311,112376
99283,112379
99307,112466
99317,112411
99274,112403
99277,112449
99406,112550
99391,112586
99375,112564
99356,112555
99442,112634
99366,112589
99333,112511
99330,112503
99409,112642
99383,112592
99389,112566
99358,112620
99419,112634
99390,112624
99373,112640
99333,112575
99428,112574
99388,112602
99322,112599
99393,112664
99386,112671
99385,112616
99319,112641
99344,112658
99427,112645
99400,112663
99368,112666
99345,112665
99409,112691
99488,112741
99452,112742
99401,112752
99493,112834
99502,112833
99449,112758
99444,112858
99503,112857
99506,112892
99488,112844
99448,112883
99501,112851
99489,112894
99483,112853
99451,112867
99478,112894
99499,112962
99529,112955
99536,113011
99578,112977
99533,112947
99476,112989
99513,113056
99554,113048
99614,113022
99482,112986
99517,113081
99566,113100
99606,113090
99561,113028
99515,113043
99542,113060
99542,113080
99542,113099
99512,113087
99585,113123
99545,113078
99563,113082
99596,113113
99571,113172
99622,113147
99525,113097
99591,113209
99613,113167
99560,113138
99529,113100
99632,113177
99638,113157
99594,113098
99486,112954
99463,112854
99468,112826
99422,112634
99309,112459
99280,112417
99292,112345
99271,112251
99164,112099
99193,112129
99154,112036
99142,112028
99072,111947
99133,112029
99129,112003
99131,111997
99099,111932
99146,112062
99140,112079
99161,112099
99136,112041
99177,112162
99233,112188
99139,112143
99148,112118
99226,112215
99244,112225
99234,112182
99115,112109
99162,112191
99204,112230
99229,112241
99166,112193
99228,112272
99214,112241
99247,112294
99229,112230
99253,112338
99279,112366
99306,112368
99198,112280
99272,112383
99309,112404
99325,112408
99223,112361
99329,112469
99369,112553
99376,112560
99272,112484
99336,112574
99318,112555
99382,112583
99285,112460
99401,112575
99341,112532
99353,112561
99257,112477
99349,112530
99317,112506
99366,112541
99292,112498
99328,112540
99402,112564
99336,112573
99345,112540
99393,112629
99433,112633
99310,112576
99279,112517
99318,112586
99360,112674
99353,112648
99285,112594
99362,112671
99408,112707
99393,112637
99370,112660
99441,112783
99449,112772
99412,112759
99332,112713
99428,112735
99444,112727
99462,112795
99403,112780
99512,112852
99473,112833
99445,112799
99414,112815
99441,112820
99466,112778
99438,112847
99400,112802
99491,112886
99505,112928
99489,112947
99451,112880
99525,112965
99471,112969
99509,112940
99402,112902
99513,113007
99526,112953
99551,112946
99456,112914
99496,112957
99526,112998
99502,113029
99434,112960
99564,113032
99528,113060
99546,113075
99466,113059
99526,113042
99594,113119
99566,113131
99532,113052
99519,113011
99586,113070
99467,112950
99444,112874
99512,112822
99380,112624
99293,112561
99384,113025
99403,113061
99385,113067
99319,112923
99261,112773
99264,112721
99246,112576
99221,112508
99161,112400
99097,112332
99079,112293
99033,112123
98972,112018
98999,112023
98997,111996
98967,111955
98928,111919
99053,111974
98997,111968
98928,111934
98936,111931
98989,111984
99029,112037
99012,112002
98965,111976
99036,112063
99021,112063
99005,111981
98945,111999
99001,112114
99003,112038
99017,112036
99028,112067
99065,112121
98994,112031
98993,112045
98946,112034
99004,112068
99041,112121
99072,112122
99063,112141
99060,112195
99059,112155
99060,112132
99048,112157
99108,112208
99117,112226
99098,112228
99075,112256
99153,112356
99141,112371
99152,112342
99101,112351
99166,112380
99123,112352
99111,112286
99121,112336
99131,112377
99161,112402
99175,112363
99118,112338
99158,112416
99211,112448
99175,112345
99046,112355
99130,112383
99187,112440
99188,112431
99099,112419
99142,112481
99145,112427
99130,112455
99142,112451
99186,112478
99181,112512
99135,112459
99129,112449
99232,112568
99161,112569
99145,112476
99193,112584
99208,112567
99202,112587
99203,112518
99168,112575
99298,112637
99235,112609
99258,112664
99247,112607
99300,112690
99308,112742
99267,112693
99247,112706
99302,112744
99306,112797
99292,112748
99229,112748
99304,112825
99321,112772
99330,112792
99306,112783
99338,112849
99330,112827
99269,112756
99262,112773
99324,112885
99302,112882
99295,112842
99300,112865
99356,112882
99335,112860
99349,112920
99336,112901
99380,112991
99403,112927
99344,112886
99329,112925
99366,112966
99387,113010
99333,112934
99334,112950
99381,112990
99431,113033
99393,112990
99350,113027
99387,113091
99373,113028
99396,113031
99342,113024
99373,113062
99407,113067
99388,112990
99354,113034
99378,113058
99448,113088
99381,113014
99367,113069
99398,113096
99392,113111
99356,113054
99367,113094
99484,113187
99449,113177
99396,113141
99421,113117
99433,113145
99426,113156
99438,113158
99448,113190
99516,113247
99469,113255
99485,113167
99419,113198
99448,113185
99476,113156
99354,113024
99336,112987
99323,112872
99305,112822
99248,112646
99225,112626
99115,112481
99131,112373
99061,112296
99104,112250
99075,112163
99032,112197
98993,112131
99025,112169
99055,112159
98986,112124
99002,112145
99024,112215
98994,112114
99030,112198
98996,112133
99047,112247
99057,112195
99026,112161
98944,112117
99005,112215
99051,112195
99077,112238
99038,112230
99061,112252
99113,112274
99092,112264
99014,112206
99117,112305
99107,112292
99130,112336
99081,112305
99145,112323
99169,112366
99112,112335
99069,112329
99136,112387
99214,112488
99173,112478
99080,112350
99143,112426
99181,112451
99179,112466
99098,112464
99218,112532
99151,112512
99217,112580
99087,112450
99174,112530
99182,112533
99174,112505
99106,112501
99224,112560
99237,112559
99170,112525
99167,112541
99199,112560
99203,112527
99169,112526
99139,112456
99161,112566
99250,112624
99225,112588
99180,112573
99206,112577
99205,112631
99255,112628
99176,112605
99207,112627
99213,112628
99195,112640
99165,112625
99255,112715
99210,112697
99230,112718
99204,112673
99312,112824
99308,112790
99316,112815
99246,112807
99366,112812
99292,112820
99295,112857
99219,112771
99340,112906
99330,112875
99255,112784
99289,112862
99335,112965
99336,112951
99353,112931
99266,112858
99349,112921
99356,112947
99338,112857
99346,112928
99325,112985
99345,113005
99342,112927
99323,112931
99417,113047
99423,112987
99410,112992
99362,113017
99412,113024
99434,113068
99349,112972
99340,113057
99419,113127
99381,113064
99398,113048
99325,112977
99382,113099
99372,113068
99341,113045
99303,113015
99417,113147
99416,113087
99432,113115
99370,113107
99468,113191
99455,113180
99415,113195
99423,113199
99462,113241
99416,113168
99413,113136
99466,113193
99479,113242
99429,113168
99395,113173
99391,113141
99424,113096
99424,113034
99360,112981
99289,112893
99323,112828
99240,112646
99156,112542
99101,112467
99139,112417
99128,112370
99055,112272
99002,112187
99052,112216
99123,112245
99043,112165
99005,112204
99080,112251
99046,112229
99017,112163
99053,112258
99121,112286
99038,112296
99029,112238
99023,112262
99123,112268
99060,112320
99128,112333
99069,112305
99147,112322
99148,112350
99110,112364
99061,112332
99109,112366
99113,112444
99114,112396
99121,112398
99138,112414
99124,112458
99085,112410
99132,112446
99181,112504
99163,112489
99148,112484
99158,112546
99209,112644
99173,112572
99159,112526
99160,112585
99218,112610
99240,112629
99185,112636
99172,112646
99248,112691
99228,112642
99161,112606
99247,112702
99235,112713
99199,112647
99214,112605
99215,112693
99253,112688
99225,112672
99197,112642
99200,112716
99258,112748
99255,112707
99201,112679
99253,112744
99271,112774
99281,112786
99194,112674
99187,112731
99281,112771
99268,112694
99249,112728
99289,112787
99312,112807
99314,112835
99281,112753
99355,112838
99317,112877
99312,112870
99277,112820
99345,112874
99335,112871
99327,112890
99310,112874
99325,112922
99311,112911
99369,112963
99320,112909
99366,113001
99343,112926
99404,112997
99338,112979
99396,113063
99348,112966
99380,112962
99320,112999
99376,113081
99391,113100
99421,113067
99364,113012
99436,113105
99428,113109
99430,113130
99353,112987
99373,113054
99407,113132
99417,113112
99346,113054
99383,113087
99379,113067
99383,113101
99390,113074
99375,113161
99442,113157
99394,113106
99382,113116
99397,113132
99409,113218
99388,113204
99364,113135
99391,113186
99373,113232
99462,113222
99420,113199
99492,113266
99466,113290
99474,113256
99391,113199
99406,113224
99409,113167
99355,113109
99225,112919
99289,112919
99244,112831
99198,112640
99162,112609
99210,112623
99133,112490
99139,112391
99018,112319
99095,112352
99073,112307
99073,112256
98967,112182
99070,112246
99034,112198
99069,112253
98964,112196
99045,112199
99042,112272
98985,112227
98958,112206
99053,112303
99049,112250
99054,112322
99004,112284
99076,112334
99103,112390
99010,112311
99038,112299
99122,112375
99110,112389
99083,112388
99067,112338
99096,112422
99104,112427
99129,112401
99028,112394
99089,112420
99065,112442
99122,112381
99132,112474
99168,112548
99143,112501
99207,112539
99187,112504
99192,112562
99215,112638
99216,112564
99133,112543
99141,112571
99205,112592
99227,112579
99190,112596
99163,112581
99198,112670
99167,112600
99127,112542
99149,112594
99172,112597
99129,112586
99139,112602
99214,112612
99248,112715
99151,112640
99098,112603
99203,112657
99207,112644
99241,112669
99194,112708
99257,112748
99236,112723
99217,112639
99191,112693
99238,112713
99227,112711
99262,112713
99247,112780
99233,112763
99283,112782
99239,112724
99222,112818
99229,112806
99310,112855
99326,112795
99231,112846
99264,112824
99322,112887
99273,112883
99227,112890
99329,112905
99329,112944
99273,112847
99322,112896
99315,112964
99270,112905
99311,112940
99265,112956
99333,112933
99368,113034
99310,112972
99291,112891
99367,113051
99340,113030
99331,112962
99331,112974
99383,113068
99360,113024
99341,113036
99247,112992
99424,113045
99362,113080
99314,112967
99356,113044
99363,113116
99378,113070
99359,113018
99310,113105
99382,113076
99378,113100
99359,113132
99361,113077
99424,113148
99392,113185
99345,113077
99344,113105
99397,113172
99396,113139
99395,113187
99350,113153
99425,113150
99401,113110
99287,112979
99299,112904
99323,112876
99216,112740
99174,112560
99161,112541
99104,112456
99065,112341
99038,112269
98994,112204
98984,112196
99029,112185
98924,112089
98979,112170
99030,112137
98976,112100
98904,112066
98928,112119
98990,112092
98999,112176
98909,112054
99041,112185
98980,112156
99029,112099
98987,112154
98934,112163
99021,112145
99029,112194
98941,112102
99017,112140
99065,112217
99022,112192
98997,112132
99076,112230
99046,112214
99021,112174
98957,112179
99100,112324
99030,112306
99070,112232
99048,112313
99043,112350
99067,112337
99099,112417
99003,112383
99065,112391
99142,112443
99101,112420
99071,112379
99155,112516
99087,112467
99115,112430
99101,112459
99104,112473
99160,112529
99137,112489
99014,112404
99186,112513
99119,112500
99090,112452
99080,112421
99105,112457
99097,112459
99159,112509
99053,112440
99148,112476
99184,112551
99110,112537
99065,112471
99183,112586
99146,112553
99158,112533
99146,112509
99157,112566
99149,112589
99116,112578
99129,112502
99149,112566
99211,112645
99186,112659
99092,112563
99229,112702
99184,112696
99182,112635
99134,112655
99206,112728
99186,112682
99235,112733
99149,112692
99229,112694
99250,112752
99200,112762
99164,112647
99295,112813
99221,112828
99199,112806
99233,112763
99311,112792
99273,112882
99196,112755
99244,112787
99307,112910
99240,112841
99279,112844
99269,112894
99242,112890
99314,112908
99284,112921
99212,112834
99352,112933
99304,112959
99287,112876
99300,112902
99293,112993
99254,112917
99300,112921
99255,112977
99292,112942
99349,112994
99266,112941
99272,112959
99374,113057
99300,113044
99297,113016
99307,113007
99320,113084
99326,113009
99340,113066
99330,113003
99396,113133
99347,113093
99300,113022
99301,112980
99379,113054
99323,112965
99235,112864
99193,112680
99208,112684
99166,112609
99078,112486
99040,112262
99023,112267
98946,112128
98965,112128
98828,111979
98949,112019
98967,112045
98838,111931
98852,111904
98927,112037
98947,111978
98930,111923
98884,111911
98933,112018
98875,111983
98911,111934
98896,111949
98950,112010
98925,111973
98932,111954
98932,111996
98901,111974
98938,111963
98935,112052
98835,111948
98995,112055
98938,112073
98927,112001
98961,112017
98987,112066
98902,112035
98960,112043
98940,112090
98932,112081
99019,112099
98950,112117
98895,112137
99017,112165
98949,112200
98995,112197
98934,112149
99052,112213
98998,112252
99017,112171
99019,112253
99010,112290
99011,112253
99031,112248
98989,112296
99056,112239
99056,112320
99000,112280
99008,112272
99094,112356
99025,112313
99015,112185
99054,112363
99095,112342
99047,112308
98995,112243
99074,112340
99096,112395
99004,112318
99067,112305
99078,112367
99036,112389
99132,112387
99063,112351
99056,112364
99134,112448
99117,112440
99057,112350
99110,112480
99132,112526
99064,112462
99105,112465
99071,112524
99126,112520
99076,112507
99060,112502
99121,112501
99163,112613
99144,112544
99134,112515
99164,112646
99140,112622
99206,112626
99180,112610
99145,112645
99198,112635
99208,112682
99085,112603
99204,112669
99219,112722
99138,112674
99196,112645
99202,112747
99199,112723
99192,112758
99128,112677
99204,112777
99195,112715
99253,112777
99116,112759
99021,112714
99119,112730
99110,112724
99045,112551
98957,112493
98936,112358
98958,112341
98838,112155
98798,111997
98795,111971
98786,111933
98694,111786
98649,111706
98656,111696
98666,111633
98672,111616
98591,111517
98634,111637
98653,111575
98666,111626
98615,111510
98665,111661
98662,111534
98683,111599
98669,111558
98674,111620
98686,111661
98633,111589
98610,111535
98656,111560
98680,111631
98632,111618
98614,111503
98670,111690
98681,111627
98665,111673
98623,111535
98671,111717
98699,111664
98713,111706
98607,111640
98731,111764
98722,111799
98716,111757
98720,111769
98719,111820
98765,111868
98723,111832
98664,111789
98805,111923
98763,111938
98796,111922
98736,111933
98784,111939
98815,111972
98783,111896
98717,111887
98790,111953
98786,111908
98812,111976
98685,111855
98787,111970
98770,111945
98838,111998
98699,111957
98818,111989
98811,112029
98839,111942
98759,111957
98811,112044
98838,112002
98803,112045
98765,111988
98863,112094
98831,112049
98854,112080
98745,112022
98867,112113
98797,112092
98890,112119
98791,112102
98894,112124
98890,112167
98865,112113
98842,112185
98876,112145
98917,112221
98864,112147
98876,112228
98870,112208
98881,112210
98846,112200
98899,112212
98899,112253
98885,112317
98941,112265
98861,112279
98907,112302
98936,112324
98912,112330
98925,112283
98946,112412
98953,112313
98896,112297
98898,112330
98974,112336
98964,112379
98951,112393
98970,112394
98960,112410
98973,112412
98952,112419
98857,112398
98965,112433
98996,112482
99001,112426
98921,112408
99057,112499
99039,112485
99019,112486
99011,112527
99036,112574
99020,112475
99035,112509
99022,112528
99011,112561
99020,112542
99049,112589
99013,112594
99071,112628
99064,112637
99029,112599
99030,112589
99093,112666
99060,112686
99040,112679
99057,112648
99107,112652
99027,112558
99044,112534
98936,112433
98958,112353
98914,112210
98781,112060
98733,111908
98753,111906
98723,111797
98625,111687
98607,111588
98655,111559
98530,111453
98527,111408
98529,111384
98580,111402
98521,111346
98580,111340
98533,111391
98563,111380
98504,111347
98528,111335
98510,111320
98548,111320
98587,111347
98518,111319
98539,111334
98550,111381
98556,111337
98522,111318
98527,111346
98566,111402
98533,111362
98505,111380
98566,111367
98544,111376
98542,111392
98589,111430
98495,111382
98585,111460
98639,111526
98596,111545
98567,111491
98653,111612
98642,111633
98647,111640
98591,111694
98679,111714
98663,111718
98730,111728
98639,111686
98697,111756
98683,111758
98658,111718
98721,111834
98734,111787
98773,111839
98723,111798
98689,111786
98759,111819
98728,111794
98693,111804
98706,111798
98729,111823
98752,111867
98673,111828
98682,111848
98749,111881
98777,111921
98686,111863
98758,111916
98806,111965
98758,111901
98720,111867
98765,111907
98727,111981
98713,111933
98756,111910
98686,111894
98823,111996
98814,111994
98767,111975
98766,112019
98827,112054
98822,112057
98749,111944
98850,112099
98838,112100
98795,112031
98803,112044
98877,112163
98832,112168
98869,112136
98726,112081
98820,112110
98846,112092
98821,112119
98790,112084
98846,112174
98884,112221
98847,112198
98799,112125
98826,112174
98841,112180
98895,112285
98874,112229
98886,112311
98867,112212
98870,112274
98858,112267
98889,112273
98934,112328
98943,112368
98832,112309
98910,112309
98908,112340
98892,112320
98847,112261
98931,112360
98982,112416
98916,112313
98868,112366
98891,112337
98973,112446
98981,112424
98944,112408
98963,112506
98983,112493
98989,112536
98911,112394
98968,112510
98941,112494
98947,112466
98934,112452
98984,112538
99012,112570
99017,112547
98923,112527
99022,112627
99017,112559
98971,112547
98910,112411
98999,112514
98905,112416
98877,112302
98781,112168
98789,112104
98714,111903
98688,111778
98589,111673
98676,111629
98581,111513
98531,111391
98504,111335
98513,111395
98473,111262
98482,111292
98414,111194
98503,111324
98488,111275
98500,111263
98435,111243
98463,111268
98542,111282
98500,111310
98429,111243
98492,111240
98536,111326
98531,111316
98439,111240
98521,111366
98535,111450
98525,111412
98479,111330
98527,111359
98543,111413
98527,111473
98494,111431
98553,111496
98558,111468
98544,111396
98558,111497
98623,111590
98623,111591
98599,111592
98571,111587
98605,111660
98625,111620
98623,111681
98587,111650
98706,111779
98630,111726
98655,111756
98656,111751
98746,111883
98738,111826
98676,111739
98612,111730
98699,111816
98701,111885
98646,111801
98653,111766
98755,111884
98737,111870
98730,111838
98658,111824
98775,111879
98695,111897
98686,111834
98656,111881
98753,111901
98780,111938
98751,111943
98646,111907
98724,111936
98764,111984
98727,112000
98745,111943
98757,112023
98740,111974
98766,112007
98781,112035
98788,112045
98777,112044
98761,111996
98780,112038
98806,112096
98790,112069
98776,112045
98788,112076
98819,112171
98820,112104
98790,112114
98797,112128
98835,112144
98854,112219
98842,112158
98783,112163
98850,112250
98831,112221
98837,112234
98799,112204
98840,112245
98891,112285
98833,112256
98808,112239
98930,112358
98842,112283
98823,112234
98893,112312
98886,112356
98903,112322
98848,112362
98864,112350
98939,112421
98936,112381
98903,112321
98877,112353
98911,112372
98907,112414
98953,112472
98891,112429
98996,112490
98939,112462
98937,112418
98916,112459
98920,112426
98921,112523
98909,112455
98903,112456
98951,112526
98932,112507
98994,112504
98970,112549
98993,112619
99001,112599
98961,112531
98919,112498
99036,112594
99025,112613
99011,112551
98962,112525
98891,112397
98866,112288
98857,112220
98731,112077
98768,112018
98696,111860
98647,111725
98571,111642
98577,111564
98571,111548
98512,111457
98490,111422
98516,111374
98535,111487
98472,111378
98523,111387
98556,111447
98488,111384
98446,111395
98463,111366
98542,111449
98531,111462
98524,111386
98541,111518
98514,111494
98496,111473
98531,111504
98541,111545
98579,111505
98554,111553
98577,111560
98529,111541
98575,111619
98601,111632
98504,111580
98612,111624
98591,111671
98655,111711
98633,111664
98686,111736
98649,111737
98716,111783
98604,111722
98616,111780
98659,111854
98663,111873
98640,111820
98700,111841
98672,111851
98694,111886
98644,111821
98735,111942
98723,111907
98697,111888
98706,111922
98690,111958
98738,111992
98739,111937
98638,111849
98746,111965
98725,111893
98730,111974
98720,111910
98703,111944
98737,111938
98693,111922
98727,111918
98771,112060
98740,112024
98697,111958
98679,111941
98791,112069
98776,112033
98750,112016
98707,111961
98785,112090
98797,112106
98702,112066
98765,112072
98846,112141
98804,112088
98800,112132
98750,112064
98801,112182
98790,112147
98834,112198
98757,112147
98815,112246
98822,112242
98856,112244
98798,112166
98869,112307
98840,112244
98833,112222
98793,112222
98887,112353
98840,112290
98841,112290
98827,112263
98856,112287
98843,112316
98887,112357
98786,112251
98856,112362
98934,112372
98894,112376
98844,112349
98921,112471
98930,112411
98922,112420
98784,112346
98903,112447
98926,112496
98957,112466
98835,112390
98908,112448
98995,112504
98923,112443
98836,112383
98905,112513
98945,112502
98974,112540
98946,112504
98954,112570
98934,112510
98971,112558
98916,112504
98949,112560
98933,112598
98984,112542
98890,112481
98905,112506
98860,112383
98784,112226
98721,112039
98765,112007
98709,111890
98633,111811
98564,111636
98553,111631
98527,111546
98519,111514
98427,111327
98511,111432
98511,111422
98452,111292
98422,111276
98543,111412
98496,111423
98446,111347
98461,111381
98485,111416
98435,111353
98503,111382
98486,111362
98557,111465
98537,111509
98561,111513
98502,111466
98532,111490
98504,111487
98555,111511
98523,111532
98518,111550
98551,111558
98572,111600
98518,111559
98556,111660
98605,111671
98556,111655
98518,111700
98661,111716
98637,111768
98626,111725
98592,111693
98680,111817
98719,111888
98678,111802
98635,111837
98695,111903
98652,111954
98687,111892
98645,111849
98710,111962
98700,111937
98661,111825
98655,111910
98740,111957
98681,111874
98641,111885
98644,111869
98737,111927
98717,111972
98723,111939
98629,111845
98706,111945
98758,111982
98711,111992
98636,111915
98776,112024
98745,111993
98752,111988
98703,112028
98688,111992
98718,111972
98721,112023
98685,112013
98775,112083
98780,112105
98804,112081
98683,112041
98772,112110
98799,112182
98744,112088
98725,112054
98758,112144
98822,112182
98776,112190
98753,112198
98825,112193
98827,112230
98769,112154
98755,112166
98773,112198
98843,112255
98790,112247
98823,112240
98870,112327
98876,112315
98821,112283
98843,112305
98898,112339
98891,112357
98846,112316
98783,112272
98888,112304
98869,112350
98861,112333
98848,112360
98912,112410
98841,112398
98833,112377
98820,112348
98858,112363
98848,112393
98860,112356
98895,112415
98927,112479
98874,112441
98840,112397
98835,112432
98953,112542
98913,112510
98881,112431
98894,112458
98962,112553
98898,112444
98919,112491
98872,112493
98920,112551
98971,112522
98905,112449
98854,112422
98894,112474
98852,112334
98794,112232
98743,112160
98741,112006
98672,111864
98543,111678
98545,111669
98563,111535
98506,111459
98431,111322
98402,111362
98414,111282
98448,111262
98416,111219
98368,111171
98416,111239
98405,111166
98444,111206
98356,111212
98387,111179
98370,111229
98352,111102
98361,111159
98414,111199
98398,111237
98349,111211
98426,111277
98395,111217
98379,111209
98362,111195
98392,111247
98451,111261
98463,111287
98376,111281
98472,111326
98455,111326
98498,111361
98395,111324
98510,111362
98478,111447
98545,111500
98449,111398
98537,111558
98551,111598
98574,111584
98507,111572
98591,111645
98598,111692
98530,111610
98536,111594
98648,111680
98633,111718
98605,111683
98541,111623
98637,111727
98611,111749
98554,111626
98530,111626
98599,111705
98594,111738
98624,111734
98592,111664
98617,111772
98651,111781
98581,111785
98539,111694
98666,111775
98653,111852
98599,111780
98544,111725
98606,111792
98653,111854
98674,111849
98601,111821
98627,111832
98619,111837
98633,111853
98576,111820
98673,111933
98682,111919
98661,111888
98631,111906
98629,111980
98709,112001
98691,112009
98623,111945
98722,112005
98753,112055
98727,111983
98689,111977
98772,112097
98757,112055
98739,112035
98614,112020
98703,112061
98728,112042
98737,112130
98679,112061
98795,112177
98760,112141
98745,112149
98703,112098
98765,112158
98761,112169
98781,112175
98742,112162
98780,112220
98810,112244
98825,112220
98692,112198
98786,112235
98801,112218
98815,112256
98779,112240
98782,112265
