98513,111875
98508,111871
98504,111874
98584,111953
98559,111910
98477,111810
98502,111907
98680,111970
98565,111976
98457,111913
98510,111922
98611,111916
98580,111902
98513,111860
98441,111775
98498,111697
98437,111704
98364,111568
98345,111401
98332,111375
98332,111282
98178,111117
98166,110975
98238,110965
98192,110908
98062,110792
98042,110705
98140,110717
98086,110705
98021,110622
97944,110584
98089,110609
98043,110617
97980,110607
97980,110556
98056,110631
98073,110621
98046,110596
98077,110716
98110,110726
98138,110745
98037,110649
98037,110661
98104,110698
98069,110729
98044,110680
98033,110710
98129,110719
98065,110705
98056,110736
98011,110690
98109,110708
98073,110691
98072,110687
98064,110634
98107,110667
98078,110679
98073,110648
98077,110694
98180,110802
98158,110808
98113,110784
98132,110783
98207,110843
98142,110862
98149,110886
98161,110926
98184,110953
98208,110993
98175,110944
98173,110976
98265,110990
98260,110991
98211,110970
98202,110911
98269,110983
98226,110996
98175,110953
98193,110954
98193,110968
98193,110944
98243,110956
98220,111022
98265,111013
98250,111016
98222,111005
98215,111147
98269,111094
98281,111088
98238,111112
98237,111154
98307,111177
98276,111183
98271,111207
98239,111288
98368,111263
98351,111264
98288,111334
98288,111321
98325,111324
98345,111349
98332,111351
98288,111370
98344,111382
98328,111341
98312,111376
98287,111370
98372,111377
98327,111362
98329,111386
98249,111349
98369,111390
98346,111425
98332,111391
98285,111376
98372,111411
98391,111445
98311,111452
98318,111444
98410,111462
98358,111503
98377,111528
98400,111543
98482,111548
98480,111556
98440,111555
98463,111548
98520,111589
98495,111628
98449,111653
98422,111658
98508,111643
98470,111681
98429,111652
98471,111711
98535,111687
98474,111628
98386,111713
98417,111754
98546,111755
98480,111787
98459,111739
98525,111824
98562,111776
98496,111779
98461,111769
98465,111797
98582,111906
98548,111826
98452,111807
98460,111797
98521,111861
98557,111910
98503,111881
98526,111863
98518,111849
98507,111882
98465,111899
98491,111904
98593,111929
98533,111909
98491,111934
98541,111950
98511,111954
98572,111982
98571,112011
98540,111981
98576,111949
98558,111988
98521,112017
98542,112027
98608,112017
98598,112023
98552,112006
98519,111967
98589,112097
98583,112010
98559,111952
98466,111879
98519,111868
98448,111778
98396,111743
98407,111617
98464,111583
98339,111490
98291,111373
98290,111341
98329,111305
98302,111180
98174,111027
98120,110964
98172,110941
98143,110874
98166,110798
98078,110725
98164,110686
98052,110641
98037,110659
98070,110739
98156,110775
98137,110722
98084,110704
98099,110750
98170,110771
98156,110839
98119,110837
98151,110834
98175,110825
98090,110803
98073,110819
98105,110851
98194,110871
98183,110782
98058,110761
98078,110730
98143,110758
98160,110809
98081,110802
98100,110768
98147,110782
98071,110802
98080,110786
98082,110897
98191,110849
98206,110956
98169,110958
98183,110972
98238,111004
98201,111020
98163,111053
98164,111102
98297,111126
98297,111106
98196,111055
98172,111012
98239,111066
98224,111080
98254,111092
98225,111102
98285,111088
98220,111045
98169,111055
98168,111098
98278,111106
98179,111186
98275,111133
98233,111211
98338,111199
98240,111154
98211,111203
98226,111245
98323,111314
98330,111289
98325,111248
98205,111218
98306,111249
98293,111261
98290,111330
98304,111350
98398,111356
98301,111305
98308,111335
98248,111342
98366,111359
98344,111389
98269,111379
98325,111395
98377,111490
98388,111472
98373,111472
98344,111457
98389,111422
98312,111473
98330,111483
98355,111562
98433,111547
98436,111539
98376,111487
98331,111492
98406,111512
98372,111510
98358,111569
98395,111614
98416,111613
98383,111573
98339,111592
98381,111623
98460,111643
98489,111639
98388,111613
98323,111622
98437,111674
98441,111699
98422,111716
98437,111694
98491,111679
98444,111650
98382,111672
98398,111671
98513,111732
98512,111709
98416,111696
98373,111656
98436,111707
98459,111743
98467,111743
98386,111668
98470,111774
98474,111829
98488,111801
98478,111760
98468,111787
98420,111813
98400,111855
98451,111892
98569,111912
98570,111900
98473,111847
98437,111900
98509,111909
98457,111960
98537,111993
98484,112003
98595,111997
98524,112004
98510,111944
98458,111989
98638,112031
98577,112058
98537,112049
98497,111996
98604,112021
98536,111985
98456,111875
98455,111837
98463,111780
98448,111692
98367,111578
98288,111482
98387,111402
98263,111279
98191,111178
98220,111002
98185,110863
98152,110776
98037,110644
97967,110574
98021,110568
97974,110543
97946,110529
97957,110535
98043,110565
98017,110609
98038,110598
98018,110650
98089,110682
98074,110699
98055,110676
98035,110697
98167,110692
98107,110745
98032,110686
98026,110722
98119,110675
98085,110689
98068,110653
98009,110660
98040,110614
98020,110587
98011,110635
98021,110645
98095,110679
98085,110711
98117,110720
98089,110768
98164,110843
98133,110797
98135,110817
98088,110865
98154,110914
98127,110891
98093,110947
98094,110913
98157,110968
98151,110978
98106,110985
98145,111044
98222,110993
98213,111051
98144,110992
98127,111039
98205,111019
98142,110992
98168,111035
98068,111004
98200,111068
98210,111041
98200,111056
98190,111101
98275,111106
98297,111175
98253,111181
98249,111187
98305,111182
98276,111225
98229,111202
98225,111156
98322,111204
98254,111180
98237,111160
98242,111175
98308,111242
98293,111287
98238,111244
98244,111309
98357,111334
98346,111338
98281,111370
98244,111392
98337,111397
98310,111430
98295,111400
98305,111417
98384,111447
98372,111482
98359,111444
98357,111500
98407,111522
98361,111527
98348,111471
98330,111487
98338,111487
98333,111477
98294,111511
98332,111510
98402,111593
98397,111548
98375,111510
98344,111545
98434,111565
98356,111622
98378,111671
98391,111669
98463,111702
98477,111666
98409,111658
98349,111656
98427,111720
98431,111684
98385,111732
98365,111754
98512,111804
98452,111813
98487,111732
98413,111731
98471,111740
98427,111688
98422,111779
98420,111796
98514,111825
98487,111825
98425,111787
98382,111783
98507,111824
98450,111817
98412,111812
98420,111855
98521,111878
98499,111893
98493,111879
98441,111838
98498,111839
98475,111841
98480,111890
98449,111934
98525,111941
98519,111906
98503,111856
98499,111894
98522,111913
98500,111867
98461,111947
98513,112021
98587,112024
98559,112022
98520,111953
98418,111952
98523,111908
98489,111872
98399,111793
98437,111759
98453,111649
98325,111515
98295,111423
98225,111342
98290,111226
98237,111089
98153,110983
98103,110817
98076,110718
98023,110682
97930,110561
97896,110594
98017,110611
98002,110600
97979,110567
97958,110562
98035,110589
98016,110626
97975,110605
97941,110616
98020,110651
98037,110664
98078,110696
98030,110672
98072,110671
98021,110611
97969,110586
97943,110654
98056,110726
98046,110657
98007,110629
97990,110564
98048,110622
98019,110616
97977,110667
98022,110701
98110,110722
98092,110750
98046,110680
97992,110692
98149,110781
98117,110820
98069,110787
98081,110789
98082,110793
98075,110792
98080,110792
98042,110841
98142,110912
98163,110892
98111,110885
98116,110903
98160,110889
98135,110899
98084,110927
98075,110948
98213,110975
98214,111027
98129,111050
98145,111003
98179,111018
98171,110998
98094,110984
98155,111044
98205,111070
98205,111026
98161,111030
98123,110991
98166,111022
98132,111022
98112,111026
98116,111140
98259,111188
98250,111190
98228,111201
98217,111199
98282,111226
98267,111221
98221,111257
98199,111321
98302,111347
98316,111420
98300,111434
98275,111408
98329,111414
98293,111397
98277,111408
98238,111387
98344,111428
98326,111433
98310,111444
98329,111465
98347,111450
98333,111424
98264,111455
98272,111459
98357,111501
98362,111503
98320,111539
98315,111542
98399,111516
98369,111553
98346,111587
98353,111541
98362,111534
98359,111494
98335,111529
98277,111591
98383,111626
98404,111632
98367,111656
98358,111583
98402,111653
98377,111654
98351,111627
98373,111648
98473,111705
98430,111701
98408,111695
98402,111678
98509,111684
98413,111673
98415,111744
98381,111783
98494,111758
98474,111753
98411,111741
98368,111752
98461,111771
98400,111819
98407,111878
98438,111837
98498,111960
98542,111882
98435,111829
98428,111848
98509,111901
98469,111867
98398,111873
98402,111917
98477,111970
98503,111927
98477,111920
98407,111888
98494,111937
98482,111982
98489,112018
98486,112064
98589,112039
98557,112035
98484,112030
98423,112024
98509,112028
98494,112055
98506,112075
98491,112020
98560,111934
98481,111851
98384,111735
98305,111670
98392,111652
98351,111468
98303,111444
98221,111376
98257,111238
98166,111147
98071,111110
98105,111071
98180,111038
98130,110995
98116,111009
98102,110986
98135,110987
98157,111012
98120,111036
98037,111013
98179,111023
98163,111021
98078,111048
98044,111007
98171,111023
98139,111064
98100,111046
98157,111059
98211,111054
98168,111058
98103,110936
98043,110957
98128,110922
98085,110916
98067,110900
98050,110936
98149,110979
98144,110972
98118,110982
98129,110946
98132,110988
98128,110979
98071,110966
98066,111053
98170,111107
98195,111126
98134,111125
98075,111095
98192,111156
98166,111194
98174,111182
98157,111195
98273,111203
98220,111169
98130,111172
98124,111098
98226,111145
98171,111122
98207,111205
98177,111269
98275,111253
98232,111280
98240,111253
98152,111238
98242,111237
98204,111258
98257,111264
98230,111314
98243,111291
98237,111348
98267,111319
98229,111340
98332,111357
98325,111312
98222,111308
98200,111272
98268,111334
98250,111289
98204,111366
98226,111400
98317,111415
98306,111482
98290,111468
98307,111487
98351,111508
98365,111522
98313,111524
98242,111561
98408,111594
98351,111582
98344,111557
98293,111503
98359,111549
98366,111530
98310,111541
98278,111534
98397,111607
98346,111597
98350,111607
98311,111557
98365,111562
98330,111571
98278,111577
98287,111581
98326,111708
98390,111707
98351,111677
98361,111695
98445,111744
98450,111720
98358,111670
98352,111712
98393,111714
98364,111714
98320,111706
98368,111752
98468,111797
98456,111771
98342,111741
98355,111737
98413,111781
98375,111775
98336,111793
98365,111864
98508,111894
98453,111933
98445,111870
98394,111943
98443,111862
98476,111953
98429,111969
98437,111906
98502,111959
98485,111909
98428,111951
98379,111922
98439,111927
98446,111917
98429,111980
98448,112022
98523,112011
98502,112033
98447,111998
98411,111978
98454,111964
98454,111922
98359,111912
98405,111913
98419,111800
98422,111814
98350,111706
98301,111597
98297,111509
