120193,103041
120159,103040
120166,102993
120179,103021
120217,103062
120278,103074
120368,103115
120351,103118
120369,103111
120347,103084
120412,103131
120454,103161
120453,103160
120449,103130
120424,103115
120520,103190
120570,103191
120561,103209
120562,103178
120555,103164
120624,103253
120677,103233
120661,103252
120674,103245
120645,103207
120731,103260
120740,103258
120698,103265
120717,103229
120635,103201
120666,103219
120577,103210
120430,103106
120192,102989
119922,102901
119657,102794
119280,102649
118966,102497
118574,102348
118261,102204
118003,102110
117732,102022
117490,101948
117292,101835
117104,101746
117018,101766
116942,101752
116825,101668
116658,101618
116636,101618
116652,101626
116607,101601
116587,101610
116558,101542
116518,101536
116610,101606
116609,101623
116639,101634
116633,101588
116660,101611
116728,101691
116817,101730
116883,101718
116860,101720
116903,101711
117013,101779
117104,101810
117135,101835
117169,101813
117238,101877
117372,101924
117397,101935
117415,101949
117460,101937
117526,101978
117656,102037
117709,102061
117722,102072
117753,102065
117799,102087
117891,102127
117945,102144
117962,102139
117953,102134
118049,102167
118149,102237
118184,102251
118214,102250
118273,102234
118317,102294
118440,102345
118489,102387
118546,102388
118589,102370
118698,102446
118799,102474
118808,102506
118855,102519
118873,102501
118917,102531
119001,102563
118992,102585
118970,102535
118931,102478
118915,102536
118974,102557
118964,102532
118912,102542
118857,102466
118877,102492
118916,102514
118870,102489
118812,102467
118775,102423
118778,102481
118790,102474
118777,102453
118746,102451
118700,102441
118731,102450
118761,102466
118720,102487
118747,102468
118682,102356
118706,102459
118760,102467
118771,102484
118750,102459
118723,102412
118816,102453
118859,102523
118874,102504
118917,102520
118879,102518
118940,102505
119011,102591
119025,102584
119061,102584
119020,102549
119094,102622
119204,102654
119197,102636
119208,102636
119231,102618
119317,102672
119350,102698
119382,102711
119419,102722
119441,102703
119508,102760
119551,102809
119612,102780
119625,102806
119639,102803
119729,102865
119750,102890
119780,102866
119789,102887
119822,102872
119926,102914
119919,102971
119982,102965
119964,102926
119991,102897
120056,102991
120121,103008
120128,103021
120122,103045
120122,103019
120203,103065
120292,103094
120268,103050
120254,103020
120289,103063
120342,103102
120364,103113
120371,103136
120349,103092
120365,103081
120419,103142
120430,103151
120437,103154
120464,103140
120441,103120
120485,103181
120501,103212
120531,103196
120526,103158
120539,103154
120569,103201
120617,103204
120559,103242
120577,103225
120552,103189
120664,103243
120640,103255
120704,103242
120676,103219
120639,103214
120711,103283
120742,103284
120733,103277
120696,103268
120682,103232
120699,103256
120662,103231
120551,103204
120361,103105
120163,103007
119900,102907
119568,102784
119209,102598
118795,102435
118436,102259
118124,102213
117808,102087
117511,101935
117268,101825
117087,101763
116997,101745
116865,101683
116721,101663
116601,101557
116469,101541
116468,101589
116409,101530
116408,101508
116293,101476
116315,101509
116335,101493
116292,101498
116293,101502
116298,101480
116327,101484
116404,101527
116399,101563
116440,101565
116417,101508
116513,101566
116568,101603
116610,101632
116642,101645
116633,101640
116705,101647
116776,101727
116853,101718
116883,101730
116881,101728
116905,101760
116988,101799
117075,101807
117103,101792
117074,101781
117155,101824
117209,101874
117242,101855
117282,101869
117239,101874
117344,101899
117443,101963
117459,101965
117540,101965
117534,101956
117640,102018
117717,102053
117754,102074
117850,102114
117857,102084
117964,102131
118019,102188
118052,102203
118073,102193
118053,102172
118152,102206
118173,102248
118153,102217
118135,102223
118096,102154
118108,102200
118115,102205
118052,102196
118046,102165
117988,102114
118008,102148
117971,102178
117941,102131
117941,102140
117848,102084
117846,102075
117857,102120
117850,102076
117789,102076
117767,102007
117773,102043
117740,102083
117800,102080
117702,102036
117722,102010
117749,102068
117779,102064
117737,102053
117780,102069
117768,102034
117778,102083
117864,102135
117878,102105
117857,102093
117868,102106
117950,102134
117986,102179
118026,102180
118009,102187
117999,102139
118040,102200
118101,102210
118128,102238
118136,102226
118153,102193
118186,102254
118264,102230
118267,102236
118278,102284
118288,102262
118393,102316
118415,102336
118403,102356
118427,102324
118425,102284
118485,102374
118551,102392
118571,102405
118582,102388
118571,102357
118618,102423
118717,102433
118706,102438
118709,102432
118682,102417
118760,102449
118786,102472
118822,102461
118785,102474
118826,102465
118853,102516
118919,102555
118974,102551
118940,102525
118944,102522
118985,102595
119027,102601
119087,102573
119042,102586
119071,102580
119150,102622
119168,102630
119183,102634
119166,102610
119190,102608
119234,102658
119307,102707
119334,102665
119273,102649
119305,102655
119388,102739
119410,102724
119446,102736
119413,102741
119422,102748
119522,102768
119576,102801
119570,102792
119596,102766
119587,102800
119618,102818
119597,102824
119558,102766
119438,102692
119288,102665
119178,102614
118880,102489
118599,102376
118242,102201
117922,102090
117680,102023
117416,101876
117145,101794
116889,101684
116709,101621
116618,101611
116496,101562
116375,101485
116237,101415
116174,101393
116176,101410
116089,101394
116041,101370
116000,101317
115952,101327
116023,101368
115993,101368
115978,101353
115963,101298
115996,101337
116035,101396
116107,101402
116098,101378
116074,101383
116136,101393
116201,101464
116238,101458
116308,101463
116305,101437
116345,101506
116476,101538
116459,101575
116514,101562
116526,101543
116597,101610
116680,101657
116698,101653
116730,101629
116744,101637
116805,101675
116898,101760
116882,101746
116891,101725
116918,101704
116986,101746
117043,101811
117107,101814
117129,101816
117146,101809
117256,101868
117323,101903
117395,101913
117462,101935
117475,101882
117562,101968
117684,102017
117730,102025
117773,102062
117777,102046
117838,102074
117926,102120
117927,102142
117964,102126
117877,102068
117935,102098
117969,102143
117985,102157
117966,102098
117881,102065
117925,102087
117936,102125
117915,102103
117895,102086
117825,102025
117835,102025
117852,102097
117847,102081
117805,102059
117757,101996
117794,102077
117777,102077
117809,102049
117773,102026
117730,102014
117784,102058
117807,102083
117810,102101
117829,102077
117814,102026
117871,102087
117902,102125
117912,102104
117956,102101
117908,102096
118022,102137
118064,102164
118092,102184
118089,102147
118111,102144
118191,102199
118201,102248
118228,102255
118250,102216
118271,102222
118409,102275
118428,102326
118431,102339
118456,102298
118464,102277
118550,102342
118578,102349
118592,102408
118640,102376
118645,102352
118744,102425
118768,102472
118825,102474
118813,102446
118786,102412
118880,102484
118934,102479
118900,102489
118952,102489
118953,102474
118983,102517
119012,102532
119022,102531
119019,102517
119023,102496
119108,102562
119067,102585
119112,102581
119073,102554
119072,102521
119190,102577
119189,102606
119190,102606
119143,102551
119149,102575
119207,102614
119203,102632
119221,102600
119224,102585
119192,102572
119243,102620
119262,102641
119264,102627
119229,102609
119245,102619
119308,102651
119281,102640
119274,102624
119240,102625
119209,102626
119271,102667
119332,102682
119327,102647
119276,102593
119256,102631
119342,102662
119342,102691
119338,102679
119313,102623
119332,102628
119330,102671
119330,102664
119232,102595
119090,102544
118928,102469
118789,102422
118511,102298
118214,102185
117831,102011
117530,101899
117284,101831
117052,101709
116778,101597
116544,101525
116384,101452
116299,101467
116195,101401
116084,101353
115892,101255
115784,101237
115793,101244
115658,101180
115599,101192
115535,101125
115535,101117
115571,101175
115564,101139
115521,101121
115457,101093
115499,101105
115581,101180
115595,101137
115566,101171
115594,101142
115647,101179
115741,101244
115726,101251
115759,101262
115781,101207
115817,101245
115900,101297
115944,101273
115943,101286
115973,101268
115998,101330
116098,101374
116071,101398
116105,101394
116120,101324
116151,101384
116180,101424
116226,101386
116215,101399
116181,101375
116263,101462
116324,101455
116336,101478
116353,101466
116357,101435
116430,101538
116500,101541
116557,101547
116563,101513
116565,101574
116673,101630
116722,101654
116783,101656
116757,101665
116771,101576
116851,101666
116806,101691
116830,101658
116828,101650
116763,101574
116775,101636
116824,101675
116767,101642
116686,101605
116665,101570
116698,101597
116671,101587
116651,101588
116578,101560
116522,101543
116573,101525
116576,101586
116522,101524
116514,101514
116463,101490
116532,101527
116499,101542
116522,101539
116490,101516
116457,101463
116516,101532
116547,101538
116566,101563
116570,101536
116524,101516
116614,101539
116582,101597
116603,101596
116614,101546
116595,101519
116660,101596
116733,101633
116726,101630
116705,101620
116725,101606
116813,101636
116831,101689
116870,101696
116900,101702
116884,101646
116974,101727
117050,101713
117043,101765
117069,101772
117055,101739
117143,101809
117182,101827
117215,101821
117197,101773
117234,101816
117328,101862
117318,101871
117352,101900
117390,101870
117359,101874
117479,101929
117521,101950
117550,101957
117538,101940
117585,101909
117632,101985
117657,102002
117683,101991
117660,102014
117716,101992
117732,102059
117783,102048
117837,102078
117835,102052
117874,102045
117922,102079
117965,102105
117987,102138
117985,102104
117980,102106
118068,102177
118099,102174
118129,102134
118112,102144
118138,102126
118215,102169
118244,102215
118262,102227
118252,102187
118288,102224
118366,102274
118388,102281
118372,102262
118386,102257
118423,102266
118470,102322
118531,102290
118514,102288
118529,102278
118540,102323
118601,102369
118621,102381
118651,102366
118574,102321
118583,102339
118596,102374
118590,102340
118484,102311
118295,102193
118139,102142
117942,102068
117656,101947
117381,101822
117013,101683
116775,101584
116617,101530
116374,101450
116217,101384
116020,101302
115918,101227
115856,101202
115717,101181
115632,101151
115494,101056
115425,101031
115395,101038
115340,101013
115258,100985
115209,100954
115215,100965
115213,101021
115225,100965
115251,100980
115207,100934
115288,100968
115317,101019
115349,101019
115351,101022
115379,101016
115426,101060
115493,101098
115559,101096
115582,101120
115560,101100
115653,101138
115698,101182
115767,101219
115777,101180
115768,101161
115871,101237
115884,101264
115928,101287
115955,101303
115953,101247
116017,101266
116054,101320
116084,101324
116079,101325
116078,101312
116141,101336
116193,101380
116231,101385
116274,101383
116269,101340
116352,101426
116410,101468
116512,101495
116531,101471
116539,101499
116690,101585
116756,101613
116771,101613
116814,101578
116798,101595
116898,101673
116912,101666
116920,101645
116902,101626
116843,101588
116901,101631
116918,101644
116901,101620
116852,101620
116816,101529
116822,101582
116865,101590
116800,101590
116778,101586
116726,101536
116748,101564
116752,101607
116753,101538
116712,101513
116667,101486
116702,101545
116736,101571
116721,101591
116692,101541
116628,101525
116729,101562
116738,101572
116733,101572
116750,101587
116726,101546
116795,101583
116824,101619
116874,101623
116827,101598
116858,101582
116946,101659
116964,101682
117000,101671
117029,101657
117010,101659
117069,101685
117134,101718
117143,101745
117150,101718
117156,101725
117235,101807
117295,101822
117347,101802
117290,101771
117339,101767
117415,101794
117482,101832
117453,101856
117462,101835
117498,101807
117579,101875
117594,101898
117588,101900
117604,101863
117576,101897
117686,101975
117678,101949
117704,101936
117688,101937
117711,101944
117770,101983
117795,102014
117790,101976
117824,101973
117797,101955
117865,101999
117859,102023
117892,102001
117886,101983
117900,102008
117950,102053
117966,102024
117917,102008
117889,102023
117932,102012
118009,102066
118019,102071
117994,102080
118027,102030
118038,102054
118100,102095
118079,102096
118075,102076
118051,102038
118085,102082
118145,102138
118142,102129
118183,102140
118154,102071
118183,102127
118252,102170
118234,102173
118296,102149
118227,102112
118287,102152
118329,102210
118355,102215
118347,102174
118312,102202
118374,102201
118386,102226
118402,102250
118355,102189
118268,102141
118242,102129
118140,102083
117900,102004
117686,101912
117387,101759
117063,101648
116876,101583
116581,101480
116388,101412
116130,101266
115966,101218
115864,101190
115709,101133
115608,101061
115456,100977
115330,100973
115279,100987
115220,100917
115137,100875
115005,100817
114987,100838
115016,100831
114979,100832
114931,100830
114936,100772
114972,100836
115025,100862
115066,100861
115028,100829
115020,100853
115127,100894
115135,100900
115178,100943
115259,100956
115263,100891
115273,100949
115410,101047
115447,101012
115403,101031
115435,101006
115525,101047
115567,101123
115615,101101
115575,101077
115579,101034
115658,101100
115709,101152
115701,101155
115696,101170
115698,101100
115754,101145
115830,101177
115848,101197
115865,101198
115865,101169
115977,101237
116043,101276
116092,101279
116092,101280
116150,101259
116254,101336
116319,101359
116311,101397
116341,101399
116348,101342
116375,101398
116422,101433
116433,101421
116435,101424
116405,101392
116465,101411
116456,101421
116437,101435
116381,101364
116367,101373
116390,101416
116340,101395
116324,101395
116275,101360
116260,101344
116279,101360
116301,101370
116279,101355
116213,101317
116207,101295
116266,101319
116285,101356
116256,101334
116228,101331
116209,101290
116243,101324
116272,101338
116318,101358
116277,101319
116278,101327
116377,101361
116392,101363
116409,101368
116400,101363
116389,101361
116488,101416
116545,101471
116542,101437
116550,101431
116556,101444
116669,101500
116701,101521
116709,101536
116762,101493
116755,101512
116825,101565
116878,101603
116922,101606
116933,101610
116959,101614
117056,101650
117057,101648
117108,101665
117116,101635
117143,101686
117224,101724
117257,101722
117292,101739
117274,101681
117257,101702
117387,101772
117373,101765
117420,101783
117380,101741
117392,101756
117482,101802
117502,101814
117502,101840
117499,101761
117488,101831
117603,101848
117597,101850
117578,101848
117546,101817
117563,101838
117640,101886
117652,101893
117656,101838
117593,101811
117659,101848
117681,101899
117671,101882
117664,101872
117606,101835
117628,101895
117663,101906
117683,101917
117700,101880
117675,101840
117675,101875
117758,101907
117745,101923
117775,101896
117729,101915
117719,101908
117781,101936
117815,101939
117795,101948
117773,101895
117816,101927
117831,101962
117849,101959
117790,101947
117735,101903
117767,101899
117733,101942
117696,101855
117542,101826
117328,101732
117098,101637
116908,101565
116645,101443
116423,101361
116145,101237
115971,101170
115802,101123
115654,101041
115442,100969
115251,100877
115129,100857
114993,100832
114828,100779
114710,100713
114626,100619
114563,100624
114528,100618
114487,100596
114480,100588
114404,100535
114381,100566
114424,100580
114386,100559
114403,100577
114348,100540
114401,100578
114457,100609
114457,100597
114462,100605
114462,100558
114503,100619
114606,100658
114614,100656
114608,100645
114612,100654
114685,100726
114762,100742
114785,100713
114746,100717
114742,100678
114811,100746
114872,100784
114874,100774
114867,100756
114815,100717
114906,100768
114933,100812
114917,100817
114938,100807
114924,100745
114985,100797
115012,100826
115003,100791
115070,100820
115048,100810
115148,100879
115201,100884
115254,100922
115287,100912
115315,100914
115439,100951
115483,100966
115533,100995
115512,101016
115540,100985
115588,101032
115634,101042
115644,101039
115575,101024
115596,101008
115603,101065
115664,101056
115655,101045
115607,101011
115556,101000
115613,101029
115562,101055
115544,101032
115536,101017
115523,100990
115549,101011
115580,101014
115570,101013
115523,100953
115506,100935
115543,100971
115571,101017
115557,101007
115553,100960
115526,100970
115613,101014
115623,101063
115656,101044
115615,101015
115602,101001
115701,101085
115749,101053
115780,101072
115759,101065
115756,101058
115874,101118
115871,101153
115913,101154
115922,101111
115920,101128
116028,101185
116071,101213
116080,101238
116079,101192
116101,101209
116184,101243
116211,101266
116263,101303
116268,101284
116295,101295
116350,101320
116415,101358
116407,101333
116418,101323
116432,101307
116558,101366
116573,101404
116560,101398
116564,101389
116569,101371
116689,101424
116709,101426
116725,101436
116725,101447
116768,101439
116823,101506
116843,101528
116823,101502
116847,101447
116856,101495
116946,101569
116990,101527
116978,101530
116961,101519
116964,101536
117023,101588
117052,101579
117055,101567
117044,101577
117063,101588
117101,101600
117121,101612
117095,101603
117100,101589
117135,101593
117140,101623
117191,101638
117188,101638
117184,101602
117176,101623
117251,101688
117288,101666
117284,101656
117267,101629
117302,101639
117358,101699
117380,101742
117408,101757
117413,101683
117461,101718
117487,101740
117550,101765
117546,101764
117490,101709
117547,101754
117593,101803
117611,101794
117613,101776
117529,101736
117512,101750
117446,101714
117330,101651
117138,101557
116859,101417
116627,101349
116362,101286
116113,101136
115848,101047
115594,100919
115460,100908
115296,100830
115087,100759
114911,100659
114689,100535
114609,100569
114493,100538
114400,100452
114284,100429
114161,100333
114161,100388
114140,100404
114103,100342
114015,100309
114008,100276
113996,100344
114025,100351
114023,100334
114040,100316
113978,100262
114012,100338
114080,100345
114085,100360
114122,100363
114072,100297
114179,100403
114232,100409
114204,100401
114210,100412
114209,100427
114258,100451
114306,100482
114357,100478
114324,100459
114336,100411
114358,100460
114434,100509
114428,100513
114427,100509
114394,100433
114445,100481
114446,100498
114478,100499
114456,100479
114406,100478
114507,100484
114540,100541
114563,100555
114572,100536
114568,100525
114683,100587
114746,100619
114740,100639
114795,100645
114806,100629
114936,100683
114957,100740
115008,100734
115009,100719
115024,100708
115100,100773
115139,100783
115147,100799
115147,100778
115137,100764
115161,100790
115152,100789
115145,100795
115114,100762
115119,100746
115180,100783
115172,100788
115121,100766
115143,100754
115108,100760
115166,100805
115214,100809
115169,100784
115177,100736
115150,100722
115173,100799
115225,100807
115186,100793
115180,100778
115156,100739
115226,100766
115235,100821
115234,100806
115256,100780
115230,100779
115335,100817
115344,100840
115320,100865
115312,100842
115345,100840
115457,100873
115427,100896
115459,100917
115474,100903
115477,100919
115541,100941
115586,100945
115565,100973
115592,100954
115643,100950
115704,100969
115728,101032
115748,101037
115770,100992
115784,100987
115853,101032
115888,101062
115853,101066
115862,101043
115904,101048
115975,101087
115971,101095
116012,101129
116033,101095
116064,101151
116148,101194
116151,101172
116144,101186
116142,101160
116174,101176
116232,101236
116261,101232
116303,101225
116290,101196
116329,101214
116389,101279
116351,101288
116363,101293
116356,101258
116445,101305
116464,101347
116512,101351
116485,101308
116474,101282
116509,101288
116555,101351
116572,101325
116553,101341
116520,101294
116592,101338
116622,101385
116619,101376
116624,101348
116571,101326
116633,101346
116647,101382
116674,101393
116727,101394
116661,101359
116710,101400
116739,101404
116721,101413
116736,101390
116724,101398
116825,101436
116855,101451
116850,101466
116841,101461
116782,101430
116929,101469
116956,101470
116980,101490
117008,101519
116988,101456
117045,101525
117104,101553
117132,101550
117145,101549
117135,101529
117164,101564
117224,101598
117241,101603
117191,101572
117131,101530
117085,101492
117036,101476
116833,101397
116560,101284
116291,101156
116113,101088
115858,101025
115587,100939
115387,100803
115177,100704
115040,100656
114894,100637
114702,100534
114473,100462
114286,100369
114222,100340
114164,100277
114057,100290
113983,100251
113882,100173
113862,100201
113845,100213
113847,100188
113789,100163
113708,100131
113766,100147
113811,100173
113789,100167
113750,100149
113736,100128
113832,100184
113855,100203
113931,100251
113927,100212
113884,100182
113963,100255
114008,100277
114003,100284
114016,100287
114049,100272
114136,100291
114151,100310
114167,100331
114166,100301
114172,100316
114216,100345
114241,100356
114249,100373
114224,100316
114200,100282
114277,100344
114276,100332
114307,100358
114299,100355
114298,100331
114323,100378
114361,100420
114404,100393
114397,100396
114398,100388
114519,100440
114554,100474
114632,100492
114634,100482
114659,100474
114760,100566
114822,100595
114858,100615
114895,100574
114863,100595
114944,100633
115001,100657
114972,100636
114990,100632
115028,100630
115061,100668
115054,100663
115048,100658
115035,100662
115041,100623
115090,100646
115057,100658
115051,100669
115021,100598
114995,100599
115046,100646
115031,100638
115049,100641
114978,100619
114987,100604
115064,100660
115070,100651
115029,100642
115026,100601
115051,100642
115095,100672
115108,100675
115136,100647
115119,100606
115112,100655
115159,100697
115200,100689
115180,100697
115217,100666
115238,100664
115307,100775
115326,100791
115361,100758
115329,100740
115383,100780
115460,100795
115511,100800
115509,100832
115503,100804
115562,100840
115635,100892
115648,100902
115682,100908
115689,100864
115706,100913
115789,100950
115830,100965
115851,100974
115845,100941
115910,100968
115948,101040
115984,101004
116019,101028
116001,101004
116022,101013
116083,101077
116148,101101
116172,101081
116105,101076
116142,101128
116247,101125
116271,101107
116266,101144
116265,101139
116318,101142
116406,101183
116426,101192
116412,101202
116408,101139
116447,101201
116483,101244
116551,101224
116551,101245
116524,101204
116548,101253
116634,101296
116635,101276
116615,101296
116629,101240
116665,101301
116692,101329
116716,101317
116702,101310
116685,101296
116741,101317
116771,101349
116757,101335
116764,101321
116743,101281
116777,101323
116832,101359
116855,101348
116816,101352
116781,101309
116872,101366
116871,101379
116888,101375
116885,101367
116844,101337
116920,101397
116965,101416
116950,101405
116967,101383
116971,101411
117018,101424
117020,101451
117054,101433
117058,101454
117051,101406
117118,101451
117163,101479
117182,101489
117162,101487
117145,101451
117251,101528
117296,101536
117340,101547
117305,101530
117320,101537
117378,101558
117449,101586
117468,101599
117447,101570
117416,101553
117483,101576
117472,101569
117447,101584
117319,101503
117130,101415
116982,101353
116763,101244
116433,101139
116139,101012
115813,100852
115601,100815
115404,100720
115188,100660
115011,100556
114800,100471
114657,100431
114523,100375
114355,100323
114211,100234
114069,100165
114034,100189
113967,100159
113891,100129
113860,100116
113782,100036
113804,100131
113811,100116
113814,100098
113747,100054
113746,100023
113782,100099
113862,100101
113815,100094
113800,100079
113798,100090
113913,100124
113916,100112
113928,100153
113920,100139
113951,100117
114027,100210
114053,100194
114086,100212
114082,100193
114071,100191
114171,100241
114127,100241
114201,100254
114157,100184
114121,100221
114204,100282
114226,100285
114229,100246
114167,100243
114185,100259
114291,100294
114280,100290
114256,100280
114290,100256
114299,100271
114410,100342
114444,100352
114452,100348
114474,100335
114511,100373
114641,100465
114709,100481
114745,100486
114732,100481
114803,100507
114909,100556
114927,100559
114967,100553
114950,100531
114994,100574
115078,100630
115065,100620
115097,100599
115052,100582
115093,100587
115104,100626
115110,100622
115094,100594
115057,100561
115084,100583
115144,100625
115105,100584
115084,100585
115040,100552
115056,100572
115153,100609
115137,100600
115089,100586
115084,100565
115100,100586
115125,100652
115165,100619
115145,100623
115111,100565
115130,100634
115208,100654
115208,100663
115268,100678
115263,100613
115291,100664
115352,100691
115388,100739
115395,100725
115393,100701
115463,100737
115495,100748
115542,100748
115587,100774
115572,100771
115640,100801
115745,100861
115745,100845
115785,100860
115766,100849
115879,100921
115960,100942
115962,100943
116029,100928
115992,100943
116036,100983
116138,101019
116176,101024
116169,101006
116186,101024
116249,101059
116315,101107
116327,101106
116373,101096
116329,101073
116434,101121
116493,101157
116533,101170
116550,101144
116535,101147
116591,101207
116625,101190
116641,101205
116703,101204
116683,101195
116762,101246
116812,101268
116836,101275
116811,101260
116817,101233
116869,101288
116916,101330
116956,101312
116922,101336
116931,101259
116969,101347
117041,101381
117100,101369
117046,101361
117032,101324
117108,101376
117166,101405
117140,101450
117132,101408
117163,101392
117225,101431
117246,101453
117254,101474
117254,101423
117238,101400
117288,101468
117310,101470
117313,101471
117324,101467
117299,101438
117387,101523
117385,101514
117403,101517
117368,101487
117381,101452
117422,101508
117455,101535
117460,101538
117447,101490
117415,101484
117521,101534
117480,101564
117476,101529
117488,101516
117488,101502
117589,101577
117590,101593
117603,101585
117597,101559
117578,101555
117657,101605
117680,101638
117696,101629
117719,101618
117723,101628
117790,101660
117802,101668
117805,101678
117837,101656
117816,101636
117885,101692
117927,101743
117980,101716
117939,101686
117983,101709
118053,101789
118071,101762
118097,101780
118071,101765
118100,101750
118164,101820
118140,101825
118139,101785
118079,101734
118008,101714
117953,101713
117759,101618
117499,101500
117151,101325
116831,101223
116508,101105
116184,100977
115856,100852
115605,100729
115387,100630
115249,100613
115044,100531
114905,100451
114715,100364
114572,100288
114512,100282
114380,100262
114316,100202
114191,100175
114120,100137
114147,100158
114093,100126
114088,100135
114031,100072
114009,100119
114087,100129
114094,100124
114109,100139
114104,100099
114136,100133
114177,100171
114233,100171
114250,100184
114234,100202
114339,100235
114391,100262
114414,100251
114440,100277
114427,100245
114483,100308
114558,100365
114538,100327
114587,100350
114570,100321
114597,100362
114638,100379
114673,100392
114682,100395
114650,100354
114683,100396
114728,100420
114780,100444
114722,100409
114723,100400
114775,100423
114858,100467
114845,100461
114904,100468
114895,100442
114976,100506
115124,100576
115115,100580
115190,100603
115194,100604
115287,100649
115350,100695
115403,100716
115407,100706
115445,100672
115507,100739
115566,100757
115557,100728
115569,100748
115546,100700
115567,100756
115620,100792
115609,100774
115643,100751
115538,100709
115600,100739
115574,100782
115548,100803
115553,100742
115501,100694
115569,100755
115551,100745
115542,100769
115516,100732
115513,100691
115537,100717
115592,100779
115592,100721
115576,100734
115520,100702
115592,100738
115570,100767
115613,100748
115644,100771
115604,100735
115668,100778
115730,100802
115740,100838
115746,100793
115741,100803
115780,100877
115806,100876
115860,100877
115864,100880
115851,100847
115927,100917
115977,100949
115974,100931
116025,100946
116035,100924
116087,100968
116160,101011
116194,101009
116221,100994
116213,100984
116327,101067
116331,101084
116385,101080
116385,101052
116370,101054
116500,101113
116531,101140
116574,101155
116577,101140
116594,101148
116724,101209
116760,101223
116829,101236
116802,101246
116845,101200
116922,101294
116982,101305
117000,101281
117034,101291
117032,101316
117154,101363
117169,101397
117249,101423
117242,101398
117251,101405
117329,101441
117375,101463
117382,101453
117416,101429
117420,101474
117493,101517
117540,101531
117545,101534
117554,101509
117540,101493
117607,101584
117657,101574
117676,101579
117642,101538
117680,101556
117756,101629
117761,101629
117784,101611
117748,101588
117736,101583
117821,101615
117823,101635
117841,101659
117853,101635
117853,101611
117868,101679
117927,101669
117927,101687
117917,101619
117904,101660
117953,101690
117967,101701
117963,101719
117958,101651
117957,101673
118053,101739
118061,101737
118040,101719
118030,101693
118025,101710
118089,101751
118086,101782
118095,101739
118073,101703
118091,101744
118152,101768
118161,101729
118160,101745
118144,101722
118181,101776
118237,101815
118233,101829
118282,101813
118223,101801
118280,101837
118363,101857
118350,101850
118362,101864
118366,101827
118379,101863
118444,101905
118486,101925
118513,101909
118522,101881
118526,101920
118609,101953
118666,102002
118649,101983
118668,101964
118702,101961
118802,102053
118809,102044
118786,102041
118771,101988
118821,102035
118830,102057
118791,102033
118683,101980
118511,101870
118313,101809
118090,101722
117694,101552
117327,101387
116903,101200
116545,101085
116208,101000
115926,100879
115655,100772
115486,100634
115327,100613
115222,100564
115043,100513
114917,100435
114790,100380
114724,100376
114658,100359
114559,100320
114534,100253
114425,100222
114445,100264
114429,100262
114419,100270
114385,100273
114395,100221
114419,100249
114480,100299
114491,100284
114509,100314
114497,100279
114589,100327
114683,100352
114677,100351
114706,100372
114718,100362
114772,100434
114881,100438
114867,100452
114890,100464
114922,100441
114973,100491
115054,100524
115082,100513
115074,100544
115041,100485
115121,100557
115171,100566
115135,100595
115173,100563
115145,100553
115185,100594
115270,100611
115283,100603
115258,100622
115299,100592
115384,100665
115432,100683
115446,100696
115485,100710
115525,100700
115610,100778
115653,100779
115712,100818
115726,100819
115782,100805
115847,100884
115857,100912
115899,100892
115876,100874
115884,100839
115974,100900
115973,100922
115929,100885
115893,100871
115904,100835
115918,100899
115936,100893
115901,100895
115875,100852
115857,100851
115903,100880
115909,100896
115898,100829
115878,100816
115822,100831
115867,100871
115881,100877
115842,100857
115829,100812
115843,100826
115899,100874
115926,100888
115908,100873
115930,100889
115889,100849
115989,100916
116010,100932
116059,100941
116052,100894
116054,100922
116159,100986
116200,100998
116229,101010
116189,100979
116274,101028
116360,101073
116421,101066
116426,101088
116416,101066
116470,101103
116540,101126
116565,101176
116639,101180
116662,101124
116665,101167
116769,101256
116801,101223
116822,101227
116806,101231
116910,101263
116948,101302
117019,101288
117018,101337
117043,101272
117048,101293
117158,101402
117189,101365
117159,101373
117217,101364
117201,101362
117302,101443
117328,101431
117338,101426
117352,101445
117370,101456
117414,101488
117480,101495
117494,101488
117463,101469
117522,101518
117562,101533
117591,101564
117609,101565
117592,101519
117642,101559
117702,101595
117749,101619
117753,101618
117746,101571
117768,101587
117850,101663
117867,101653
117857,101641
117839,101632
117923,101653
117939,101691
117953,101714
117960,101673
117975,101656
118019,101710
118075,101724
118064,101770
118071,101740
118034,101689
118098,101733
118181,101768
118144,101789
118184,101766
118135,101752
118239,101773
118216,101819
118284,101827
118269,101823
118238,101763
118310,101826
118357,101862
118371,101838
118380,101857
118374,101827
118471,101889
118473,101918
118475,101911
118504,101895
118451,101883
118559,101925
118612,101957
118575,101955
118607,101952
118582,101907
118670,101967
118684,101987
118696,101980
118718,101975
118722,101985
118739,102018
118813,102045
118787,102046
118806,101999
118773,102024
118857,102014
118853,102074
118886,102062
118903,102054
118835,102012
118914,102086
118967,102103
118992,102116
118971,102084
118954,102062
119042,102124
119087,102129
119086,102162
119070,102111
119097,102118
119144,102154
119179,102205
119184,102207
119216,102218
119214,102170
119302,102244
119348,102279
119373,102259
119350,102275
119367,102217
119369,102272
119440,102318
119420,102296
119390,102243
119338,102232
119350,102264
119244,102190
119011,102090
118721,101945
118415,101779
118054,101705
117674,101581
117264,101379
116831,101179
116495,101065
116289,100969
116020,100909
115832,100835
115646,100740
115461,100653
115403,100644
115309,100633
115184,100564
115075,100519
115024,100499
115014,100491
114975,100481
114926,100453
114894,100434
114822,100398
114904,100459
114914,100457
114885,100438
114909,100434
114903,100432
115030,100514
115052,100532
115058,100524
115085,100506