10355
10203
11208
11101
12075
13183
12419
11472
11263
11568
11736
11749
12249
12850
13672
13421
14671
14335
14775
14531
14651
14760
13734
12938
11607
11121
10700
11772
11247
10821
12835
12566
12681
12920
12831
11604
10029
11124
11207
11916
11726
11653
12714
12683
13059
11929
11239
10517
10081
9576
10195
9921
10018
9661
10821
10684
10476
10751
11179
10525
10922
12185
12487
13020
12552
11551
12674
12574
12908
12185
12122
12552
13384
13743
11975
10483
9503
11421
10628
10675
11182
11601
12880
11164
10713
12648
12188
11106
12135
11669
11339
12105
11342
10226
11318
11549
11524
10926
10492
11146
12950
11112
11566
13595
12367
12852
14065
14004
14135
14910
15669
15791
16366
15933
15506
16303
14938
15564
13971
14116
14936
14361
14789
15086
15423
16658
16980
14813
15302
15753
15047
16347
17371
16707
16827
16744
15511
15335
15554
15506
14620
15972
15747
15050
15925
15970
17949
16942
14868
14973
15016
14581
14334
15192
15157
13525
13419
12875
14118
13075
14168
14634
14414
14290
14801
14651
14945
14977
15098
15411
14290
14615
13975
13269
13717
14722
14858
15273
14259
13309
12632
13192
14418
13851
12900
11930
11177
11344
12083
13168
13877
14006
14250
13470
12975
15043
16018
15279
15515
14833
14287
15774
16629
15971
16826
16826
18419
17697
17305
18133
18377
19669
20941
20871
19527
17765
17726
16396
17444
19668
18225
17431
16799
18115
17648
17979
19478
19323
19071
18413
18371
19060
18983
18647
19509
19544
20761
21498
20031
20056
20563
20530
20791
20618
19467
19126
18479
19275
20444
18789
18681
19836
21289
20766
18530
18447
18260
15952
15341
17033
19587
19276
18510
18899
18582
19748
19968
18482
18531
18866
19132
18900
16689
17404
18099
18727
17048
16632
16128
16219
16519
16859
16191
16080
17088
17010
16532
15074
14777
15222
15831
16876
17652
16530
17530
18828
19479
19416
19821
18185
17922
17292
18395
19768
18249
16963
16907
16337
17231
17867
17459
17264
20239
20790
19413
18466
20230
21827
20393
20884
22022
22402
21407
20794
21877
21355
21646
22235
22795
21528
19520
20081
21364
22399
22664
21123
19656
21746
23354
22778
22084
20762
19125
20361
23220
21817
19237
18928
18378
19093
21052
19383
20041
20191
18956
18804
20895
20606
19912
18372
17547
18947
20126
18897
19242
19218
19380
19074
18873
20382
20493
18601
18415
18872
17643
18828
17764
18109
18624
17579
18093
16480
16597
17039
17095
19135
18785
19537
17094
16996
16600
15000
14956
16214
16510
17628
17611
18247
18528
18078
20650
19376
19006
20494
20410
20716
20580
19271
20922
19656
19071
20209
20385
21297
20982
22431
22124
22493
23411
23173
22347
21580
23270
22049
21964
22003
22752
22499
20633
21956
22221
21966
21486
23161
23735
23164
23057
22836
23236
24555
23938
25818
23725
22512
23003
23993
21317
21295
21015
22100
22674
21161
20486
20043
20884
20900
20178
19874
21097
21157
19540
21801
23426
21233
20299
18641
19215
20994
20452
21297
20910
18617
19814
22252
21199
19559
20301
19368
20182
20852
20527
18694
19195
19301
18252
19809
18710
18061
19709
18351
19209
20775
21141
22376
22493
22513
20733
20570
20804
18691
18858
18934
18799
16659
17569
17275
19698
19100
18282
18158
18155
19025
21212
20450
20310
21915
21346
22317
22931
22262
20270
18393
18341
18402
18794
20587
20421
19538
20602
20862
18229
20429
21117
21804
19756
20545
21440
20493
20926
22981
23246
23079
22639
22070
23816
23440
23897
21128
20293
19929
21664
24054
23271
23139
22059
20733
23132
22430
20565
19735
19577
19913
18529
19749
21039
19349
20724
18966
18207
16541
16648
16282
15888
17291
17744
18571
17500
16686
18260
17241
18393
17176
15958
17156
19068
18716
18306
16426
13354
15878
17192
18354
19794
21073
18332
17097
17919
20221
20469
19473
19065
17805
18086
21402
20442
18229
17450
18735
16427
18586
20440
20126
19415
18919
20272
21347
20192
17706
17646
16600
17349
17595
18019
17875
18504
19908
19477
20034
22010
20865
20809
22274
23198
22745
18805
20852
20932
21402
22323
20315
20172
20476
20691
20434
18099
17006
19861
22092
23412
23328
21629
20546
21457
22245
21462
22364
20634
21156
21960
21167
20848
21640
21456
21055
20900
20846
21321
20663
19961
20085
20287
19909
20232
18427
17410
18101
18781
17740
18711
17482
18582
20911
21710
19299
16866
16563
17830
18755
19627
19431
19689
18253
19349
20889
20454
17341
17363
18837
20027
19130
16352
16781
17998
16956
17167
16624
17292
18156
17770
17377
18473
17357
16374
17935
16760
17852
17847
19059
18407
19756
17956
18921
19332
19960
19548
17982
18813
18295
18351
17598
19037
19344
18529
17719
18691
17451
18195
17383
18369
20273
18825
20226
20410
20194
19802
19140
19709
20950
20300
21711
21691
18037
19000
20664
20514
20469
19575
19302
20625
21480
19531
20252
17751
16537
16739
18857
18222
18808
17857
16564
19373
16291
15754
18215
16987
15655
17617
18004
18657
17859
19039
16720
16614
16457
17405
16876
18006
18366
18709
16933
16541
16901
15853
16648
17565
18592
16827
16958
16772
16524
16017
15562
16520
15999
15153
15400
16624
18409
19205
19739
15172
15256
16978
16476
15753
17353
17467
16744
17879
17016
17182
16775
16233
16085
15000
14266
16859
18190
17572
18027
17660
17870
18955
17915
18756
16338
13274
15965
16134
17035
15329
15599
15994
17127
15835
15120
16345
15909
17459
19362
19793
18331
17505
18459
19978
20079
18251
15643
15625
16064
16501
15273
15296
14535
12174
12640
15762
15116
13927
12645
13074
15008
15354
14033
13626
13903
16030
16620
15581
11427
14247
15825
14240
14670
16629
15332
16002
16186
16448
15437
13449
12773
14238
15346
14851
15006
13948
13759
11953
11508
12638
12336
12615
13707
15242
12889
12608
14366
12774
13214
14438
14537
13522
13424
15158
15625
15826
14405
13353
14216
11287
12622
11820
11773
12179
11966
12078
11112
10826
10609
11806
11488
12233
11268
12297
11615
11017
13434
13912
13978
12738
12743
12886
12932
14953
12573
12198
13987
15184
14208
13776
13968
12412
12555
14091
11957
11463
10985
12443
13448
13498
13437
13957
13269
12475
14210
13242
13769
14009
13265
12755
14938
13752
13265
13622
15262
12481
12292
11329
12158
13100
9988
9099
10307
8451
7702
9221
8651
8507
7432
6639
9133
10604
8587
9176
8448
11239
10792
9520
9438
9136
7841
8349
9224
9703
7979
6383
7852
9028
7203
8257
6476
5520
6840
5766
6129
6575
7364
6517
6611
6686
7721
6230
5075
6152
7039
5756
3888
2865
3290
3393
2494
3152
4369
3446
3989
5490
5494
7241
7575
7330
6108
6886
8376
9571
8216
5840
6108
7234
8142
7840
7210
6994
8245
7183
7478
7102
10007
11190
8942
8343
9120
7778
8516
10035
10224
10488
8628
9092
10126
10970
10292
9308
8595
9402
9858
10013
8808
10021
8633
6774
8213
7933
7508
6585
6965
6153
5341
6446
7658
7879
7303
6556
6407
8051
7531
4982
6258
4967
4731
5167
5158
5833
3761
4700
5509
5510
6286
5739
5364
3873
3903
4029
3990
2232
3389
4325
5041
4130
3297
1599
3617
3741
2083
1412
3246
3584
2344
3216
4612
5031
1441
2142
3420
2617
3691
3321
1329
2074
4166
3818
4959
5410
6979
3672
2122
3087
1145
2279
1632
2075
3345
2749
3241
6886
7109
5108
5676
4923
4250
4176
5978
5787
5424
4366
5983
6829
8717
8154
7799
8955
9267
8000
6461
5211
4951
5752
7211
5646
6915
7456
6762
7581
6814
6359
6835
4078
3102
5629
7414
7504
6417
4547
3589
4589
5017
4876
5200
3493
4243
4882
4005
2770
3514
2813
1259
1124
3119
3029
3855
3646
1161
2149
2928
1557
1441
2180
2741
2969
3058
2577
3024
2922
1860
745
410
1075
836
1467
2897
2325
2528
2651
2458
2692
4570
3932
698
1000
2163
2273
2205
3133
3094
1841
820
1107
1602
679
765
-893
-67
1882
2002
2593
1613
1326
1388
1933
1578
1531
890
541
2254
5056
3911
2663
4105
5421
4729
3701
4185
3435
4265
4497
3679
2181
1618
3404
4065
5821
5016
4114
5041
4656
6233
6910
5736
3883
4600
5668
5481
4522
3221
3573
4569
5005
3952
4464
4504
3157
4627
3377
2379
694
1591
1333
1283
1536
-752
909
2287
2153
1315
509
604
1718
1718
2714
2530
1933
1391
2297
1640
2329
2608
882
2436
2940
3006
4343
2494
3693
3662
3327
3469
2896
3091
4888
6689
5152
4907
5483
5234
2679
1408
1868
1075
1297
1736
2356
3845
3110
4211
2314
3531
2397
1797
1913
1375
2445
2676
2603
4752
4657
3066
2360
4331
3974
4957
4374
4540
2566
3664
4882
4556
4403
5610
5685
5900
7080
6273
5349
5521
4622
4955
3823
5307
4723
4811
5509
3386
4165
4654
4061
3046
4287
3177
1669
-661
115
2026
1070
1057
1057
2099
2466
2550
2046
789
479
-125
693
711
820
129
1062
560
-1730
-347
-707
-5
656
-299
237
1790
2743
2755
1788
2668
1796
2541
2726
2981
1045
684
2108
2422
1839
2259
2116
1861
1907
2393
2842
2318
1919
1150
1825
2057
1873
1608
1943
781
596
1625
2630
3545
3195
148
2121
2599
2587
3297
3431
2947
3198
2658
2324
3058
2267
2290
2809
3325
3958
3426
4402
5025
5798
5762
4415
5538
5680
6755
6374
4128
5230
4939
5517
5956
6276
5045
2854
3186
3455
3192
1820
865
1070
1065
1170
2623
1494
327
1404
1960
472
-593
-504
338
469
321
1182
2062
2634
2925
3545
4304
4241
4213
2822
1744
2633
2777
1989
2777
3041
1747
3335
3319
2934
1652
1158
2831
3375
3568
3922
4774
4131
3619
3427
2944
1868
2700
3815
3292
5615
4240
4428
5130
3987
3635
2941
2486
3654
3779
3658
3199
2766
3321
1276
189
889
1377
2945
3053
1562
2559
2997
2469
4717
5503
3921
2644
3246
5595
7473
6479
3417
3067
4350
4441
4386
4001
3368
3091
4761
4048
4280
5080
5232
4811
5167
6044
6388
6147
5820
4708
4540
3897
3174
4844
3637
2038
1975
1611
2330
1106
1745
2103
1316
574
661
785
2217
2312
1575
1484
1150
2892
2603
3658
4837
4257
5821
6452
5686
5192
5047
6601
6326
4771
5340
6415
4669
4327
3454
3946
3636
4375
4704
3930
5050
4126
2977
4645
5534
3267
2652
3275
3092
2331
2450
2580
2798
2741
1434
1151
1761
2916
3574
3702
3440
2379
3164
4507
1964
297
1503
321
1151
954
35
528
1052
502
114
-16
1058
1566
2842
3154
3245
3071
4264
4666
5464
4149
3299
3719
3795
4182
1496
976
2671
1981
1380
889
1334
1516
305
1897
2888
3671
2579
1823
4511
3430
3836
4530
4606
4760
4359
5127
5482
3602
3010
3503
2906
635
1934
3070
2506
2744
3285
4236
